%file 17: SPECMAP STACK, i.e., SPECMAP time scale developed by
%         Imbrie et al., 1984 based on normalized planktonic records
%         (normalized O-18 vs time).  This chronology is the basic
%         control for the age models developed in Imbrie et al., 1989
%         and McIntyre et al., 1989.
%
%COLUMN 1=AGE, COLUMN 2= STACKED O-18

A = [   0.    -2.088
        1.    -2.036
        2.    -1.909
        3.    -1.764
        4.    -1.738
        5.    -1.782
        6.    -1.445
        7.    -1.247
        8.    -1.016
        9.    -0.747
       10.    -0.434
       11.    -0.083
       12.     0.288
       13.     0.656
       14.     1.003
       15.     1.311
       16.     1.557
       17.     1.719
       18.     1.795
       19.     1.806
       20.     1.778
       21.     1.722
       22.     1.636
       23.     1.516
       24.     1.379
       25.     1.250
       26.     1.149
       27.     1.077
       28.     1.025
       29.     0.989
       30.     0.967
       31.     0.954
       32.     0.946
       33.     0.943
       34.     0.946
       35.     0.954
       36.     0.962
       37.     0.959
       38.     0.937
       39.     0.898
       40.     0.852
       41.     0.809
       42.     0.767
       43.     0.723
       44.     0.675
       45.     0.630
       46.     0.596
       47.     0.574
       48.     0.555
       49.     0.530
       50.     0.491
       51.     0.440
       52.     0.392
       53.     0.367
       54.     0.370
       55.     0.388
       56.     0.413
       57.     0.449
       58.     0.506
       59.     0.586
       60.     0.683
       61.     0.786
       62.     0.880
       63.     0.951
       64.     0.988
       65.     0.979
       66.     0.919
       67.     0.808
       68.     0.650
       69.     0.449
       70.     0.219
       71.    -0.016
       72.    -0.227
       73.    -0.396
       74.    -0.519
       75.    -0.612
       76.    -0.698
       77.    -0.789
       78.    -0.880
       79.    -0.947
       80.    -0.961
       81.    -0.897
       82.    -0.764
       83.    -0.610
       84.    -0.496
       85.    -0.450
       86.    -0.451
       87.    -0.464
       88.    -0.470
       89.    -0.466
       90.    -0.465
       91.    -0.483
       92.    -0.534
       93.    -0.614
       94.    -0.699
       95.    -0.763
       96.    -0.806
       97.    -0.852
       98.    -0.909
       99.    -0.949
      100.    -0.942
      101.    -0.884
      102.    -0.807
      103.    -0.739
      104.    -0.689
      105.    -0.643
      106.    -0.592
      107.    -0.544
      108.    -0.511
      109.    -0.497
      110.    -0.515
      111.    -0.593
      112.    -0.749
      113.    -0.961
      114.    -1.182
      115.    -1.372
      116.    -1.517
      117.    -1.627
      118.    -1.730
      119.    -1.849
      120.    -1.976
      121.    -2.072
      122.    -2.099
      123.    -2.033
      124.    -1.859
      125.    -1.567
      126.    -1.174
      127.    -0.725
      128.    -0.276
      129.     0.134
      130.     0.493
      131.     0.796
      132.     1.035
      133.     1.206
      134.     1.310
      135.     1.353
      136.     1.344
      137.     1.310
      138.     1.287
      139.     1.293
      140.     1.316
      141.     1.331
      142.     1.323
      143.     1.295
      144.     1.262
      145.     1.247
      146.     1.269
      147.     1.328
      148.     1.410
      149.     1.494
      150.     1.560
      151.     1.587
      152.     1.567
      153.     1.513
      154.     1.448
      155.     1.377
      156.     1.292
      157.     1.188
      158.     1.075
      159.     0.961
      160.     0.846
      161.     0.726
      162.     0.607
      163.     0.497
      164.     0.404
      165.     0.324
      166.     0.254
      167.     0.196
      168.     0.154
      169.     0.128
      170.     0.113
      171.     0.110
      172.     0.122
      173.     0.145
      174.     0.176
      175.     0.216
      176.     0.275
      177.     0.362
      178.     0.472
      179.     0.590
      180.     0.700
      181.     0.781
      182.     0.808
      183.     0.753
      184.     0.602
      185.     0.375
      186.     0.108
      187.    -0.162
      188.    -0.417
      189.    -0.654
      190.    -0.878
      191.    -1.096
      192.    -1.303
      193.    -1.479
      194.    -1.596
      195.    -1.638
      196.    -1.610
      197.    -1.527
      198.    -1.411
      199.    -1.286
      200.    -1.173
      201.    -1.077
      202.    -0.996
      203.    -0.930
      204.    -0.884
      205.    -0.871
      206.    -0.891
      207.    -0.938
      208.    -0.995
      209.    -1.056
      210.    -1.116
      211.    -1.176
      212.    -1.234
      213.    -1.293
      214.    -1.347
      215.    -1.384
      216.    -1.386
      217.    -1.344
      218.    -1.264
      219.    -1.148
      220.    -1.000
      221.    -0.827
      222.    -0.645
      223.    -0.471
      224.    -0.312
      225.    -0.168
      226.    -0.038
      227.     0.059
      228.     0.098
      229.     0.064
      230.    -0.029
      231.    -0.160
      232.    -0.316
      233.    -0.492
      234.    -0.676
      235.    -0.854
      236.    -1.007
      237.    -1.116
      238.    -1.161
      239.    -1.129
      240.    -1.019
      241.    -0.852
      242.    -0.650
      243.    -0.430
      244.    -0.195
      245.     0.052
      246.     0.297
      247.     0.515
      248.     0.676
      249.     0.758
      250.     0.765
      251.     0.722
      252.     0.659
      253.     0.592
      254.     0.523
      255.     0.457
      256.     0.403
      257.     0.373
      258.     0.372
      259.     0.394
      260.     0.428
      261.     0.464
      262.     0.495
      263.     0.524
      264.     0.559
      265.     0.609
      266.     0.679
      267.     0.762
      268.     0.838
      269.     0.883
      270.     0.882
      271.     0.838
      272.     0.768
      273.     0.685
      274.     0.599
      275.     0.511
      276.     0.419
      277.     0.318
      278.     0.208
      279.     0.098
      280.    -0.006
      281.    -0.102
      282.    -0.192
      283.    -0.274
      284.    -0.348
      285.    -0.412
      286.    -0.460
      287.    -0.478
      288.    -0.453
      289.    -0.392
      290.    -0.310
      291.    -0.229
      292.    -0.158
      293.    -0.099
      294.    -0.053
      295.    -0.015
      296.     0.016
      297.     0.038
      298.     0.041
      299.     0.012
      300.    -0.059
      301.    -0.166
      302.    -0.299
      303.    -0.449
      304.    -0.608
      305.    -0.771
      306.    -0.930
      307.    -1.075
      308.    -1.196
      309.    -1.285
      310.    -1.331
      311.    -1.334
      312.    -1.301
      313.    -1.248
      314.    -1.188
      315.    -1.126
      316.    -1.064
      317.    -1.004
      318.    -0.952
      319.    -0.918
      320.    -0.919
      321.    -0.961
      322.    -1.037
      323.    -1.132
      324.    -1.236
      325.    -1.342
      326.    -1.449
      327.    -1.553
      328.    -1.649
      329.    -1.728
      330.    -1.776
      331.    -1.774
      332.    -1.708
      333.    -1.576
      334.    -1.385
      335.    -1.135
      336.    -0.820
      337.    -0.446
      338.    -0.035
      339.     0.372
      340.     0.723
      341.     0.969
      342.     1.090
      343.     1.106
      344.     1.064
      345.     1.002
      346.     0.941
